4294967278,311
4294967278,310
4294967278,305
4294967278,564
4294967278,563
4294967279,320
4294967279,319
4294967279,373
4294967279,372
4294967279,313
4294967279,311
4294967279,282
4294967279,361
4294967279,360
82,5
82,4
4294967279,255
82,3
82,2
82,1
4294967279,249
4294967279,248
4294967279,359
4294967279,246
4294967278,242
4294967279,242
4294967278,240
81,5
4294967279,240
81,4
4294967278,238
81,3
81,2
81,1
4294967279,238
4294967278,232
4294967278,233
4294967279,230
4294967279,229
4294967279,226
4294967279,224
4294967279,218
4294967279,222
80,5
80,4
4294967279,220
80,3
80,2
80,1
4294967278,218
4294967278,215
4294967279,215
4294967278,323
4294967279,214
4294967279,352
4294967294,89
4294967279,213
4294967279,357
4294967278,545
4294967278,209
79,5
79,4
79,3
79,2
79,1
4294967278,542
4294967279,204
4294967279,351
4294967278,202
4294967294,429
4294967279,348
4294967294,154
4294967294,1418
4294967279,199
4294967278,197
76,4
76,3
76,2
76,1
4294967279,346
4294967279,197
4294967279,323
4294967294,1420
4294967279,193
0,7
4294967294,390
4294967279,385
4294967279,189
4294967279,384
4294967279,0
4294967278,322
4294967278,321
4294967278,0
4294967294,396
4294967294,409
4294967294,419
4294967294,407
4294967294,153
4294967294,385
4294967294,168
4294967294,384
4294967294,456
4294967294,169
4294967294,451
4294967294,418
4294967294,414
4294967294,109
4294967279,316
4294967278,308
4294967294,469
4294967294,440
4294967294,1001
4294967294,128
4294967294,186
0,5
4294967279,315
4294967294,46
4294967278,307
4294967294,5
4294967294,107
4294967294,81
4294967294,50
4294967294,96
4294967294,94
4294967294,8
4294967279,312
4294967278,304
4294967294,7
4294967294,6
4294967294,22
4294967294,9
4294967294,17
4294967294,99
4294967294,76
4294967294,67
4294967294,45
4294967294,2
4294967294,0
4294967294,120
4294967294,29
4294967294,194
4294967294,1
4294967294,1000
4294967294,92
4294967294,91
4294967294,90
4294967294,88
4294967294,87
4294967294,86
4294967294,85
4294967294,84
4294967294,413
4294967294,156
4294967294,155
4294967294,129
4294967294,28
4294967294,1018
4294967294,27
4294967294,470
4294967294,25
4294967294,26
4294967294,53
4294967294,417
4294967294,51
4294967294,52
4294967294,393
4294967294,44
4294967294,425
4294967294,43
4294967294,40
4294967294,39
4294967294,41
4294967294,38
4294967294,37
4294967294,36
4294967294,203
4294967294,82
4294967278,302
4294967294,42
4294967294,93
4294967294,95
4294967278,132
4294967278,131
4294967278,130
4294967278,129
4294967278,128
4294967278,127
4294967278,126
4294967278,125
4294967278,124
4294967278,123
4294967278,122
4294967278,121
4294967278,120
4294967278,119
4294967278,118
4294967278,117
4294967278,116
4294967278,115
4294967278,114
4294967278,113
4294967278,112
4294967278,111
4294967278,110
4294967278,109
4294967278,108
4294967278,107
4294967278,106
4294967278,105
4294967278,104
4294967278,103
4294967278,102
4294967278,101
4294967278,100
4294967278,99
4294967278,98
4294967278,97
4294967278,96
4294967278,95
4294967278,94
4294967278,93
4294967278,92
4294967278,91
4294967278,90
4294967278,89
4294967278,87
4294967278,86
4294967278,85
4294967278,84
4294967278,83
4294967278,82
4294967278,81
4294967278,80
4294967278,79
4294967278,78
4294967278,77
4294967278,76
4294967278,75
4294967278,74
4294967278,73
4294967278,72
4294967278,71
4294967278,70
4294967278,69
4294967278,68
4294967278,67
4294967278,66
4294967278,65
4294967278,64
4294967278,63
4294967278,62
4294967278,61
4294967278,57
4294967278,55
4294967278,54
4294967278,53
4294967278,52
4294967278,50
4294967278,47
4294967278,45
4294967278,44
4294967278,42
4294967278,41
4294967278,40
4294967279,26
4294967279,24
4294967279,21
4294967279,19
4294967279,18
4294967279,16
4294967279,14
4294967279,12
4294967279,11
4294967279,10
4294967279,9
4294967279,8
4294967279,7
4294967279,6
4294967279,5
4294967278,60
4294967278,535
4294967278,51
4294967278,59
4294967278,58
4294967278,169
4294967278,56
4294967278,168
4294967278,166
4294967278,165
73,5
73,4
4294967278,164
73,2
73,1
4294967278,49
4294967278,48
4294967278,159
4294967278,46
4294967278,158
4294967278,531
4294967278,157
4294967279,303
4294967278,43
72,5
4294967278,154
72,4
72,2
72,1
4294967278,153
4294967278,39
4294967278,38
4294967279,150
4294967278,320
4294967278,145
4294967278,144
71,5
71,4
71,2
71,1
4294967279,143
4294967279,29
4294967278,281
4294967279,28
4294967278,139
4294967279,318
4294967279,27
4294967278,137
4294967279,25
4294967279,137
4294967279,278
4294967279,135
4294967278,134
4294967279,133
70,5
4294967278,133
70,4
70,2
70,1
4294967279,289
4294967278,286
4294967279,274
4294967278,270
4294967279,273
69,4
69,3
69,2
69,1
4294967279,272
4294967279,271
4294967278,266
4294967278,265
4294967279,286
4294967278,284
4294967279,267
67,4
4294967278,264
67,3
67,2
67,1
4294967279,266
4294967279,265
4294967279,264
4294967278,261
4294967278,525
4294967294,1421
4294967278,259
4294967278,258
4294967278,554
4294967279,4
4294967279,281
4294967278,256
4294967278,520
